+023
+022
+022
+020
+022
+021
+022
+021
+021
+025
+021
+024
+021
+025
+022
+023
+021
+021
+021
+021
+022
+022
+022
+023
+026
+022
+021
+022
+022
+021
+022
+021
+022
+022
+021
+021
+021
+022
+021
+020
+022
+021
+022
+021
+021
+021
+022
+021
+022
+022
+021
+022
+021
+022
+021
+021
+022
+022
+019
+022
+022
+021
+021
+022
+024
+023
+021
+021
+022
+022
+021
+021
+025
+021
+022
+021
+021
+021
+021
+021
+021
+024
+022
+021
+021
+022
+021
+021
+022
+021
+022
+021
+022
+023
+021
+024
+021
+021
+022
+021
+022
+022
+021
+021
+021
+020
+022
+021
+021
+021
+021
+025
+022
+022
+022
+019
+022
+022
+021
+022
+022
+021
+021
+021
+021
+022
+022
+