+034
+020
+024
+021
+012
+006
+019
+022
+020
+012
+018
+012
+022
+023
+033
+019
+014
+025
+023
+024
+017
+016
+023
+022
+021
+032
+010
+026
+025
+011
+023
+022
+019
+027
+017
+023
+018
+029
+023
+038
+025
+014
+010
+021
+011
+023
+021
+021
+019
+024
+040
+039
+021
+015
+034
+025
+022
+025
+024
+036
+023
+003
+021
+027
+015
+026
+019
+038
+022
+024
+015
+022
+014
+022
+013
+014
+010
+019
+027
+017
+013
+021
+012
+026
+013
+025
+020
+021
+013
+019
+018
+034
+021
+025
+011
+024
+019
+021
+011
+011
+034
+017
+025
+024
+019
+025
+023
-028
+023
+036
+012
+018
+023
+018
+015
+012
+024
+013
+003
+020
+026
+022
+021
+021
+026
+017
+022
+034
+008
+016
+024
+024
-000
+021
+019
+027
+022
+018
+025
+021
+023
+022
+022
+025
+019
+016
+023
+021
+031
+029
+012
+023
+023
+016
+021
+031
+017
+031
+004
+022
+020
+024
+044
+031
+036
+023
+022
+032
+015
+022
+021
+016
+018
+026
+032
+018
+024
+024
+015