804
822
826
825
831
818
825
816
827
826
815
790
798
777
770
791
793
796
806
813
811
822
827
815
833
827
836
831
819
817
871
811
802
797
766
766
757
759
753
778
753
766
765
793
808
810
834
841
825
836
815
784
788
779
783
722
806
818
802
835
815
767
768
791
815
853
844
807
790
777
792
817
818
817
811
822
805
789
798
701
824
816
829
802
799
868
835
816
831
845
828
826
787
785
832
848
809					
814					
773					
799	871	701	805.93	806.3367347	0.210936434

770					
787					
788					
787					
800					
812					
811					
807					
814					
825					
819					
834
830
847
845
830
847
843
822
800
796
799
839
801
817
844
812
802
809
811
799
795
793
790
796
817
794
795
802
785
795
791
778
800
807
790
812
816
806
800
755
828
835
853
822
825
807
807
804
802
799
812
823
812
785
779
789
763
758
754
753
759
758
762
768
772
772
773
775
772
780
784
793
804
819
827
835
679
854
846
805
832					
797					
788					
782					
800					
814					
804					
797					
787	854	679	801.12	801.8265306	0.218444178
